<?xml version="1.0" encoding="utf-8"?>
<COLLADA xmlns="http://www.collada.org/2005/11/COLLADASchema" version="1.4.1">
  <asset>
    <contributor>
      <author>Mixamo</author>
      <authoring_tool>COLLADA Mixamo exporter</authoring_tool>
      <comments/>
    </contributor>
    <created>2026-03-16T15:54:47Z</created>
    <modified>2026-03-16T15:54:47Z</modified>
    <revision/>
    <title/>
    <unit meter="0.010000"/>
    <up_axis>Y_UP</up_axis>
  </asset>
  <library_animations>
    <animation id="mixamorig_Hips-anim" name="mixamorig_Hips">
      <source id="mixamorig_Hips-Matrix-animation-input">
        <float_array id="mixamorig_Hips-Matrix-animation-input-array" count="78">

0.000000 0.033333 0.066667 0.100000 0.133333 0.166667 0.200000 0.233333 0.266667 0.300000 0.333333 0.366667 0.400000 0.433333 0.466667 0.500000
0.533333 0.566667 0.600000 0.633333 0.666667 0.700000 0.733333 0.766667 0.800000 0.833333 0.866667 0.900000 0.933333 0.966667 1.000000 1.033333
1.066667 1.100000 1.133333 1.166667 1.200000 1.233333 1.266667 1.300000 1.333333 1.366667 1.400000 1.433333 1.466667 1.500000 1.533333 1.566667
1.600000 1.633333 1.666667 1.700000 1.733333 1.766667 1.800000 1.833333 1.866667 1.900000 1.933333 1.966667 2.000000 2.033333 2.066667 2.100000
2.133333 2.166667 2.200000 2.233333 2.266667 2.300000 2.333333 2.366667 2.400000 2.433333 2.466667 2.500000 2.533333 2.566667</float_array>
        <technique_common>
          <accessor source="#mixamorig_Hips-Matrix-animation-input-array" count="78">
            <param name="TIME" type="float"/>
          </accessor>
        </technique_common>
      </source>
      <source id="mixamorig_Hips-Matrix-animation-output-transform">
        <float_array id="mixamorig_Hips-Matrix-animation-output-transform-array" count="1248">

0.997782 0.011833 -0.065514 0.343679 -0.016054 0.997803 -0.064272 89.763863 0.064609 0.065182 0.995780 -1.689436 0.000000 0.000000 0.000000 1.000000
0.997427 -0.012168 -0.070642 0.584100 0.007016 0.997327 -0.072735 92.178268 0.071339 0.072052 0.994846 -1.758618 0.000000 0.000000 0.000000 1.000000
0.996829 -0.035194 -0.071369 0.823627 0.029265 0.996164 -0.082472 94.275185 0.073998 0.080122 0.994035 -1.692458 0.000000 0.000000 0.000000 1.000000
0.996596 -0.052722 -0.063373 1.084648 0.044843 0.991774 -0.119892 95.437126 0.069172 0.116643 0.990762 -1.696336 0.000000 0.000000 0.000000 1.000000
0.997076 -0.056050 -0.051944 1.278026 0.047280 0.986481 -0.156909 95.889465 0.060037 0.153994 0.986246 -1.669451 0.000000 0.000000 0.000000 1.000000
0.997802 -0.051556 -0.041634 1.510486 0.044300 0.986199 -0.159525 95.571152 0.049283 0.157330 0.986316 -1.743937 0.000000 0.000000 0.000000 1.000000
0.998296 -0.051070 -0.028227 1.772716 0.047110 0.990840 -0.126556 94.239555 0.034432 0.125011 0.991558 -1.853860 0.000000 0.000000 0.000000 1.000000
0.997948 -0.062861 -0.012192 1.959246 0.061737 0.995093 -0.077324 92.072998 0.016993 0.076412 0.996932 -2.005954 0.000000 0.000000 0.000000 1.000000
0.996540 -0.082950 -0.005296 2.247660 0.082769 0.996169 -0.028214 89.364716 0.007616 0.027678 0.999588 -2.373833 0.000000 0.000000 0.000000 1.000000
0.994081 -0.106991 -0.018880 2.520451 0.107065 0.994248 0.002981 87.111740 0.018453 -0.004985 0.999817 -3.120557 0.000000 0.000000 0.000000 1.000000
0.992000 -0.116941 -0.047555 2.624050 0.117427 0.993053 0.007531 85.821304 0.046344 -0.013055 0.998840 -4.222514 0.000000 0.000000 0.000000 1.000000
0.991765 -0.106801 -0.070685 2.530357 0.106729 0.994277 -0.004808 85.730095 0.070794 -0.002776 0.997487 -5.449658 0.000000 0.000000 0.000000 1.000000
0.993025 -0.081956 -0.084765 2.352162 0.080997 0.996606 -0.014701 87.145355 0.085682 0.007733 0.996292 -6.529489 0.000000 0.000000 0.000000 1.000000
0.993933 -0.047692 -0.099108 2.171311 0.046437 0.998810 -0.014930 89.747475 0.099702 0.010237 0.994965 -6.968127 0.000000 0.000000 0.000000 1.000000
0.993314 -0.008407 -0.115136 1.936389 0.006431 0.999826 -0.017526 92.301346 0.115263 0.016668 0.993195 -6.768590 0.000000 0.000000 0.000000 1.000000
0.990506 0.031123 -0.133900 1.719546 -0.036237 0.998697 -0.035928 94.331406 0.132607 0.040439 0.990343 -6.242170 0.000000 0.000000 0.000000 1.000000
0.986665 0.051436 -0.154426 1.609152 -0.062545 0.995726 -0.067957 95.263405 0.150270 0.076709 0.985665 -5.712605 0.000000 0.000000 0.000000 1.000000
0.984550 0.045370 -0.169125 1.613017 -0.061280 0.994048 -0.090076 95.342445 0.164032 0.099048 0.981470 -5.320721 0.000000 0.000000 0.000000 1.000000
0.984660 0.025589 -0.172600 1.537537 -0.039692 0.996103 -0.078756 94.533875 0.169912 0.084399 0.981838 -5.142252 0.000000 0.000000 0.000000 1.000000
0.986547 0.019650 -0.162294 1.253324 -0.026271 0.998904 -0.038751 93.009544 0.161355 0.042493 0.985981 -5.074042 0.000000 0.000000 0.000000 1.000000
0.989250 0.031601 -0.142779 0.776232 -0.030876 0.999497 0.007288 90.886452 0.142937 -0.002802 0.989728 -5.009346 0.000000 0.000000 0.000000 1.000000
0.990881 0.051974 -0.124313 0.213226 -0.047651 0.998160 0.037499 88.660980 0.126034 -0.031233 0.991534 -5.094281 0.000000 0.000000 0.000000 1.000000
0.992813 0.065163 -0.100376 -0.204368 -0.060959 0.997152 0.044397 86.928261 0.102983 -0.037959 0.993959 -5.515571 0.000000 0.000000 0.000000 1.000000
0.994979 0.065528 -0.075645 -0.268695 -0.062816 0.997313 0.037684 85.935562 0.077911 -0.032743 0.996422 -6.200117 0.000000 0.000000 0.000000 1.000000
0.995856 0.059803 -0.068523 -0.122630 -0.058737 0.998121 0.017475 86.110336 0.069439 -0.013378 0.997496 -6.917855 0.000000 0.000000 0.000000 1.000000
0.996203 0.045875 -0.073999 0.203897 -0.047108 0.998777 -0.015001 87.585289 0.073221 0.018430 0.997145 -7.362749 0.000000 0.000000 0.000000 1.000000
0.996875 0.020275 -0.076344 0.734346 -0.023823 0.998664 -0.045855 90.022064 0.075313 0.047530 0.996027 -7.275137 0.000000 0.000000 0.000000 1.000000
0.997105 -0.010227 -0.075345 1.430357 0.004697 0.997306 -0.073209 92.397575 0.075891 0.072643 0.994466 -6.848595 0.000000 0.000000 0.000000 1.000000
0.996800 -0.035348 -0.071698 2.151072 0.027464 0.993760 -0.108109 94.180862 0.075072 0.105794 0.991550 -6.303321 0.000000 0.000000 0.000000 1.000000
0.996900 -0.046120 -0.063748 2.709230 0.036239 0.988280 -0.148287 95.049873 0.069840 0.145517 0.986888 -5.786682 0.000000 0.000000 0.000000 1.000000
0.997381 -0.043973 -0.057423 3.046524 0.033321 0.984042 -0.174787 95.004333 0.064192 0.172416 0.982930 -5.365661 0.000000 0.000000 0.000000 1.000000
0.998151 -0.034623 -0.049955 3.300191 0.025555 0.984780 -0.171916 93.894928 0.055147 0.170321 0.983844 -5.105680 0.000000 0.000000 0.000000 1.000000
0.999044 -0.029613 -0.032152 3.574235 0.024839 0.989858 -0.139872 91.912430 0.035968 0.138939 0.989648 -4.977913 0.000000 0.000000 0.000000 1.000000
0.998970 -0.039657 -0.022069 3.962292 0.037484 0.995107 -0.091414 89.229607 0.025586 0.090493 0.995568 -4.737271 0.000000 0.000000 0.000000 1.000000
0.997313 -0.065398 -0.033019 4.519360 0.063615 0.996595 -0.052449 86.751938 0.036337 0.050207 0.998078 -4.630702 0.000000 0.000000 0.000000 1.000000
0.994988 -0.084876 -0.052860 5.038224 0.082933 0.995833 -0.037918 85.252838 0.055858 0.033344 0.997882 -5.032040 0.000000 0.000000 0.000000 1.000000
0.993722 -0.086296 -0.071204 5.207605 0.083641 0.995714 -0.039466 84.517227 0.074304 0.033263 0.996681 -5.848215 0.000000 0.000000 0.000000 1.000000
0.993484 -0.075477 -0.085397 5.196499 0.071753 0.996367 -0.045866 85.075172 0.088549 0.039439 0.995291 -6.563706 0.000000 0.000000 0.000000 1.000000
0.993466 -0.053421 -0.100851 5.187939 0.048409 0.997498 -0.051513 87.334229 0.103351 0.046295 0.993567 -6.783404 0.000000 0.000000 0.000000 1.000000
0.991604 -0.020657 -0.127652 5.026389 0.013288 0.998210 -0.058317 90.278931 0.128628 0.056132 0.990103 -6.363022 0.000000 0.000000 0.000000 1.000000
0.987192 0.013704 -0.158945 4.577451 -0.026206 0.996700 -0.076828 92.793655 0.157367 0.080009 0.984294 -5.584923 0.000000 0.000000 0.000000 1.000000
0.982703 0.039776 -0.180866 4.201199 -0.060099 0.992299 -0.108311 94.220474 0.175165 0.117307 0.977526 -4.840870 0.000000 0.000000 0.000000 1.000000
0.981134 0.045027 -0.188014 4.003911 -0.071647 0.987937 -0.137283 94.656982 0.179564 0.148163 0.972525 -4.381345 0.000000 0.000000 0.000000 1.000000
0.983813 0.032981 -0.176134 3.844678 -0.058709 0.987991 -0.142923 94.298317 0.169305 0.150950 0.973935 -4.208330 0.000000 0.000000 0.000000 1.000000
0.987657 0.023195 -0.154905 3.582956 -0.040622 0.993067 -0.110305 93.145477 0.151273 0.115236 0.981752 -4.085110 0.000000 0.000000 0.000000 1.000000
0.989232 0.036058 -0.141844 3.135767 -0.043737 0.997720 -0.051396 91.269485 0.139667 0.057046 0.988554 -3.756549 0.000000 0.000000 0.000000 1.000000
0.988756 0.067114 -0.133630 2.468327 -0.068522 0.997632 -0.005963 89.015503 0.132914 0.015053 0.991013 -3.496926 0.000000 0.000000 0.000000 1.000000
0.989322 0.087384 -0.116646 1.831166 -0.087859 0.996132 0.001074 87.085419 0.116289 0.009186 0.993173 -3.752977 0.000000 0.000000 0.000000 1.000000
0.991255 0.090307 -0.096223 1.535435 -0.092172 0.995629 -0.015107 85.926979 0.094438 0.023844 0.995245 -4.323740 0.000000 0.000000 0.000000 1.000000
0.991771 0.086914 -0.093999 1.491585 -0.090835 0.995131 -0.038264 85.978958 0.090216 0.046488 0.994837 -5.028320 0.000000 0.000000 0.000000 1.000000
0.990424 0.074269 -0.116384 1.527889 -0.082431 0.994345 -0.066958 87.440636 0.110753 0.075910 0.990945 -5.542766 0.000000 0.000000 0.000000 1.000000
0.988430 0.049654 -0.143318 1.701456 -0.064156 0.993076 -0.098405 89.928665 0.137440 0.106461 0.984772 -5.450185 0.000000 0.000000 0.000000 1.000000
0.987950 0.021737 -0.153238 2.059178 -0.042622 0.990016 -0.134360 92.430214 0.148787 0.139272 0.979013 -4.872010 0.000000 0.000000 0.000000 1.000000
0.989453 0.000790 -0.144854 2.456569 -0.027022 0.983438 -0.179218 94.345978 0.142313 0.181242 0.973087 -4.230508 0.000000 0.000000 0.000000 1.000000
0.990480 -0.010578 -0.137247 2.686182 -0.020352 0.974832 -0.222011 95.396866 0.136141 0.222691 0.965336 -3.631370 0.000000 0.000000 0.000000 1.000000
0.990241 -0.012980 -0.138757 2.752431 -0.021533 0.969446 -0.244357 95.433456 0.137689 0.244960 0.959706 -3.083598 0.000000 0.000000 0.000000 1.000000
0.990488 0.001534 -0.137588 2.801114 -0.034333 0.971065 -0.236333 94.541756 0.133244 0.238809 0.961882 -2.563335 0.000000 0.000000 0.000000 1.000000
0.991762 0.021908 -0.126211 2.906524 -0.047165 0.978502 -0.200770 92.646225 0.119099 0.205069 0.971474 -2.008387 0.000000 0.000000 0.000000 1.000000
0.994619 0.020828 -0.101482 3.190049 -0.036450 0.987303 -0.154613 89.910660 0.096973 0.157480 0.982749 -1.612070 0.000000 0.000000 0.000000 1.000000
0.997745 -0.001882 -0.067089 3.638456 -0.005912 0.993257 -0.115782 87.281052 0.066854 0.115918 0.991006 -1.643106 0.000000 0.000000 0.000000 1.000000
0.998573 -0.017866 -0.050332 3.949161 0.013190 0.995695 -0.091747 85.547668 0.051755 0.090952 0.994510 -2.046937 0.000000 0.000000 0.000000 1.000000
0.997864 -0.016575 -0.063195 3.890037 0.011128 0.996269 -0.085587 84.719650 0.064378 0.084701 0.994325 -2.574856 0.000000 0.000000 0.000000 1.000000
0.996650 -0.006962 -0.081487 3.677428 -0.000509 0.995822 -0.091309 85.000359 0.081783 0.091045 0.992483 -2.981269 0.000000 0.000000 0.000000 1.000000
0.995821 0.009364 -0.090841 3.460475 -0.017968 0.995375 -0.094366 86.608093 0.089538 0.095604 0.991384 -3.019055 0.000000 0.000000 0.000000 1.000000
0.994377 0.032007 -0.100944 3.158423 -0.040985 0.995262 -0.088164 89.150818 0.097644 0.091806 0.990978 -2.558642 0.000000 0.000000 0.000000 1.000000
0.991075 0.061791 -0.118116 2.724353 -0.072543 0.993385 -0.089011 91.715416 0.111834 0.096786 0.989002 -1.784223 0.000000 0.000000 0.000000 1.000000
0.986721 0.091455 -0.134233 2.405568 -0.106629 0.988130 -0.110585 93.631561 0.122526 0.123430 0.984760 -0.772947 0.000000 0.000000 0.000000 1.000000
0.985846 0.095872 -0.137536 2.279708 -0.114616 0.984118 -0.135555 94.496712 0.122355 0.149400 0.981177 0.251004 0.000000 0.000000 0.000000 1.000000
0.989892 0.069009 -0.123902 2.278019 -0.086102 0.986630 -0.138377 94.316917 0.112696 0.147647 0.982599 1.173808 0.000000 0.000000 0.000000 1.000000
0.994334 0.034461 -0.100563 2.199518 -0.045993 0.992333 -0.114714 93.237358 0.095838 0.118689 0.988295 1.950570 0.000000 0.000000 0.000000 1.000000
0.996604 0.016805 -0.080612 1.906457 -0.022634 0.997151 -0.071949 91.507629 0.079174 0.073530 0.994145 2.609277 0.000000 0.000000 0.000000 1.000000
0.997060 0.022558 -0.073231 1.390955 -0.024322 0.999433 -0.023281 89.452156 0.072664 0.024994 0.997043 2.999762 0.000000 0.000000 0.000000 1.000000
0.996840 0.039919 -0.068678 0.802161 -0.039684 0.999201 0.004789 87.565346 0.068815 -0.002048 0.997627 2.829928 0.000000 0.000000 0.000000 1.000000
0.997098 0.052472 -0.055148 0.400783 -0.052444 0.998622 0.001965 86.151718 0.055176 0.000933 0.998476 2.306462 0.000000 0.000000 0.000000 1.000000
0.997577 0.054189 -0.043636 0.255235 -0.054879 0.998383 -0.014792 85.672371 0.042764 0.017150 0.998938 1.751897 0.000000 0.000000 0.000000 1.000000
0.997945 0.042924 -0.047578 0.220935 -0.044568 0.998426 -0.034052 86.637642 0.046041 0.036103 0.998287 1.383116 0.000000 0.000000 0.000000 1.000000
0.997960 0.022988 -0.059562 0.296849 -0.026229 0.998184 -0.054223 88.657753 0.058207 0.055674 0.996751 1.339164 0.000000 0.000000 0.000000 1.000000
0.997782 0.011833 -0.065514 0.343677 -0.016054 0.997803 -0.064272 89.763863 0.064609 0.065182 0.995780 -1.689433 0.000000 0.000000 0.000000 1.000000</float_array>
        <technique_common>
          <accessor source="#mixamorig_Hips-Matrix-animation-output-transform-array" count="78" stride="16">
            <param type="float4x4"/>
          </accessor>
        </technique_common>
      </source>
      <source id="mixamorig_Hips-Interpolations">
        <Name_array id="mixamorig_Hips-Interpolations-array" count="78">
 LINEAR LINEAR LINEAR LINEAR LINEAR LINEAR LINEAR LINEAR LINEAR LINEAR LINEAR
LINEAR LINEAR LINEAR LINEAR LINEAR LINEAR LINEAR LINEAR LINEAR LINEAR LINEAR LINEAR
LINEAR LINEAR LINEAR LINEAR LINEAR LINEAR LINEAR LINEAR LINEAR LINEAR LINEAR LINEAR
LINEAR LINEAR LINEAR LINEAR LINEAR LINEAR LINEAR LINEAR LINEAR LINEAR LINEAR LINEAR
LINEAR LINEAR LINEAR LINEAR LINEAR LINEAR LINEAR LINEAR LINEAR LINEAR LINEAR LINEAR
LINEAR LINEAR LINEAR LINEAR LINEAR LINEAR LINEAR LINEAR LINEAR LINEAR LINEAR LINEAR
LINEAR LINEAR LINEAR LINEAR LINEAR LINEAR LINEAR</Name_array>
        <technique_common>
          <accessor source="#mixamorig_Hips-Interpolations-array" count="78">
            <param type="name"/>
          </accessor>
        </technique_common>
      </source>
      <sampler id="mixamorig_Hips-Matrix-animation-transform">
        <input semantic="INPUT" source="#mixamorig_Hips-Matrix-animation-input"/>
        <input semantic="OUTPUT" source="#mixamorig_Hips-Matrix-animation-output-transform"/>
        <input semantic="INTERPOLATION" source="#mixamorig_Hips-Interpolations"/>
      </sampler>
      <channel source="#mixamorig_Hips-Matrix-animation-transform" target="mixamorig_Hips/matrix"/>
    </animation>
    <animation id="mixamorig_Spine-anim" name="mixamorig_Spine">
      <source id="mixamorig_Spine-Matrix-animation-input">
        <float_array id="mixamorig_Spine-Matrix-animation-input-array" count="78">

0.000000 0.033333 0.066667 0.100000 0.133333 0.166667 0.200000 0.233333 0.266667 0.300000 0.333333 0.366667 0.400000 0.433333 0.466667 0.500000
0.533333 0.566667 0.600000 0.633333 0.666667 0.700000 0.733333 0.766667 0.800000 0.833333 0.866667 0.900000 0.933333 0.966667 1.000000 1.033333
1.066667 1.100000 1.133333 1.166667 1.200000 1.233333 1.266667 1.300000 1.333333 1.366667 1.400000 1.433333 1.466667 1.500000 1.533333 1.566667
1.600000 1.633333 1.666667 1.700000 1.733333 1.766667 1.800000 1.833333 1.866667 1.900000 1.933333 1.966667 2.000000 2.033333 2.066667 2.100000
2.133333 2.166667 2.200000 2.233333 2.266667 2.300000 2.333333 2.366667 2.400000 2.433333 2.466667 2.500000 2.533333 2.566667</float_array>
        <technique_common>
          <accessor source="#mixamorig_Spine-Matrix-animation-input-array" count="78">
            <param name="TIME" type="float"/>
          </accessor>
        </technique_common>
      </source>
      <source id="mixamorig_Spine-Matrix-animation-output-transform">
        <float_array id="mixamorig_Spine-Matrix-animation-output-transform-array" count="1248">

0.999566 -0.000401 0.029449 0.000000 -0.000683 0.999323 0.036791 10.871300 -0.029444 -0.036795 0.998889 -0.951400 0.000000 0.000000 0.000000 1.000000
0.999322 -0.000287 0.036808 0.000000 -0.001118 0.999271 0.038154 10.871300 -0.036792 -0.038170 0.998594 -0.951400 0.000000 0.000000 0.000000 1.000000
0.999073 0.003195 0.042926 0.000000 -0.004900 0.999201 0.039664 10.871300 -0.042765 -0.039838 0.998291 -0.951400 0.000000 0.000000 0.000000 1.000000
0.998859 0.008703 0.046960 0.000000 -0.010883 0.998865 0.046370 10.871300 -0.046503 -0.046828 0.997820 -0.951400 0.000000 0.000000 0.000000 1.000000
0.998659 0.013247 0.050044 0.000000 -0.015906 0.998461 0.053126 10.871300 -0.049263 -0.053851 0.997333 -0.951400 0.000000 0.000000 0.000000 1.000000
0.998524 0.017263 0.051495 0.000000 -0.020062 0.998321 0.054333 10.871300 -0.050470 -0.055286 0.997194 -0.951400 0.000000 0.000000 0.000000 1.000000
0.998597 0.017877 0.049842 0.000000 -0.020387 0.998525 0.050311 10.871300 -0.048869 -0.051257 0.997489 -0.951400 0.000000 0.000000 0.000000 1.000000
0.998809 0.016745 0.045821 0.000000 -0.018757 0.998862 0.043847 10.871300 -0.045034 -0.044654 0.997987 -0.951400 0.000000 0.000000 0.000000 1.000000
0.998995 0.017813 0.041130 0.000000 -0.019305 0.999159 0.036181 10.871300 -0.040451 -0.036939 0.998498 -0.951400 0.000000 0.000000 0.000000 1.000000
0.999069 0.021592 0.037350 0.000000 -0.022668 0.999334 0.028609 10.871300 -0.036707 -0.029429 0.998893 -0.951400 0.000000 0.000000 0.000000 1.000000
0.999054 0.025093 0.035516 0.000000 -0.025978 0.999358 0.024692 10.871300 -0.034874 -0.025592 0.999064 -0.951400 0.000000 0.000000 0.000000 1.000000
0.999185 0.025087 0.031630 0.000000 -0.025895 0.999342 0.025384 10.871300 -0.030972 -0.026183 0.999177 -0.951400 0.000000 0.000000 0.000000 1.000000
0.999502 0.020390 0.024098 0.000000 -0.021036 0.999418 0.026856 10.871300 -0.023536 -0.027350 0.999349 -0.951400 0.000000 0.000000 0.000000 1.000000
0.999781 0.013945 0.015585 0.000000 -0.014354 0.999547 0.026459 10.871300 -0.015209 -0.026677 0.999528 -0.951400 0.000000 0.000000 0.000000 1.000000
0.999935 0.007670 0.008487 0.000000 -0.007891 0.999622 0.026333 10.871300 -0.008282 -0.026398 0.999617 -0.951400 0.000000 0.000000 0.000000 1.000000
0.999994 -0.002477 0.002376 0.000000 0.002404 0.999540 0.030225 10.871300 -0.002450 -0.030219 0.999540 -0.951400 0.000000 0.000000 0.000000 1.000000
0.999935 -0.011276 -0.001644 0.000000 0.011329 0.999248 0.037075 10.871300 0.001225 -0.037091 0.999311 -0.951400 0.000000 0.000000 0.000000 1.000000
0.999906 -0.013341 -0.003297 0.000000 0.013467 0.999050 0.041456 10.871300 0.002740 -0.041497 0.999135 -0.951400 0.000000 0.000000 0.000000 1.000000
0.999938 -0.010106 -0.004772 -0.000000 0.010287 0.999164 0.039577 10.871300 0.004368 -0.039624 0.999205 -0.951400 0.000000 0.000000 0.000000 1.000000
0.999954 -0.006575 -0.006986 0.000000 0.006808 0.999400 0.033949 10.871300 0.006759 -0.033995 0.999399 -0.951400 0.000000 0.000000 0.000000 1.000000
0.999951 -0.005236 -0.008347 -0.000000 0.005479 0.999555 0.029317 10.871300 0.008190 -0.029361 0.999535 -0.951400 0.000000 0.000000 0.000000 1.000000
0.999961 -0.005742 -0.006677 -0.000000 0.005923 0.999609 0.027320 10.871300 0.006518 -0.027359 0.999604 -0.951400 0.000000 0.000000 0.000000 1.000000
0.999977 -0.005707 -0.003789 -0.000000 0.005803 0.999651 0.025788 10.871300 0.003641 -0.025809 0.999660 -0.951400 0.000000 0.000000 0.000000 1.000000
0.999988 -0.004835 0.000046 0.000000 0.004832 0.999699 0.024040 10.871300 -0.000162 -0.024040 0.999711 -0.951400 0.000000 0.000000 0.000000 1.000000
0.999959 -0.005364 0.007283 0.000000 0.005171 0.999640 0.026323 10.871300 -0.007421 -0.026285 0.999627 -0.951400 0.000000 0.000000 0.000000 1.000000
0.999817 -0.005445 0.018340 0.000000 0.004844 0.999456 0.032631 10.871300 -0.018507 -0.032536 0.999299 -0.951400 0.000000 0.000000 0.000000 1.000000
0.999578 -0.003602 0.028814 0.000000 0.002507 0.999276 0.037952 10.871300 -0.028930 -0.037864 0.998864 -0.951400 0.000000 0.000000 0.000000 1.000000
0.999358 -0.001242 0.035816 0.000000 -0.000255 0.999129 0.041735 10.871300 -0.035837 -0.041718 0.998487 -0.951400 0.000000 0.000000 0.000000 1.000000
0.999163 0.001425 0.040880 0.000000 -0.003355 0.998881 0.047180 10.871300 -0.040767 -0.047278 0.998050 -0.951400 0.000000 0.000000 0.000000 1.000000
0.998968 0.003344 0.045293 0.000000 -0.005798 0.998517 0.054139 10.871300 -0.045044 -0.054345 0.997506 -0.951400 0.000000 0.000000 0.000000 1.000000
0.998802 0.005316 0.048651 0.000000 -0.008193 0.998217 0.059126 10.871300 -0.048250 -0.059454 0.997064 -0.951400 0.000000 0.000000 0.000000 1.000000
0.998792 0.005830 0.048792 0.000000 -0.008728 0.998196 0.059394 10.871300 -0.048358 -0.059748 0.997041 -0.951400 0.000000 0.000000 0.000000 1.000000
0.998977 0.004385 0.045006 0.000000 -0.006838 0.998491 0.054494 10.871300 -0.044699 -0.054746 0.997499 -0.951400 0.000000 0.000000 0.000000 1.000000
0.999162 0.004848 0.040646 -0.000000 -0.006762 0.998868 0.047086 10.871300 -0.040371 -0.047322 0.998064 -0.951400 0.000000 0.000000 0.000000 1.000000
0.999298 0.009202 0.036303 0.000000 -0.010660 0.999137 0.040152 10.871300 -0.035902 -0.040511 0.998534 -0.951400 0.000000 0.000000 0.000000 1.000000
0.999411 0.013080 0.031714 -0.000000 -0.014187 0.999288 0.034957 10.871300 -0.031234 -0.035386 0.998886 -0.951400 0.000000 0.000000 0.000000 1.000000
0.999555 0.014413 0.026131 0.000000 -0.015256 0.999361 0.032332 10.871300 -0.025649 -0.032717 0.999136 -0.951400 0.000000 0.000000 0.000000 1.000000
0.999778 0.013162 0.016446 0.000000 -0.013693 0.999375 0.032590 10.871300 -0.016007 -0.032808 0.999333 -0.951400 0.000000 0.000000 0.000000 1.000000
0.999947 0.009191 0.004536 -0.000000 -0.009343 0.999358 0.034593 10.871300 -0.004215 -0.034634 0.999391 -0.951400 0.000000 0.000000 0.000000 1.000000
0.999982 0.003506 -0.004917 -0.000000 -0.003317 0.999275 0.037917 10.871300 0.005047 -0.037900 0.999269 -0.951400 0.000000 0.000000 0.000000 1.000000
0.999940 -0.001354 -0.010865 0.000000 0.001827 0.999046 0.043643 10.871300 0.010796 -0.043660 0.998988 -0.951400 0.000000 0.000000 0.000000 1.000000
0.999838 -0.008758 -0.015705 0.000000 0.009545 0.998665 0.050762 10.871300 0.015239 -0.050903 0.998587 -0.951400 0.000000 0.000000 0.000000 1.000000
0.999713 -0.014184 -0.019286 0.000000 0.015237 0.998338 0.055587 10.871300 0.018466 -0.055865 0.998268 -0.951400 0.000000 0.000000 0.000000 1.000000
0.999663 -0.013770 -0.021989 -0.000000 0.014969 0.998357 0.055318 10.871300 0.021191 -0.055628 0.998227 -0.951400 0.000000 0.000000 0.000000 1.000000
0.999666 -0.010675 -0.023543 -0.000000 0.011814 0.998739 0.048787 10.871300 0.022993 -0.049049 0.998532 -0.951400 0.000000 0.000000 0.000000 1.000000
0.999702 -0.009485 -0.022512 -0.000000 0.010352 0.999197 0.038715 10.871300 0.022127 -0.038936 0.998997 -0.951400 0.000000 0.000000 0.000000 1.000000
0.999758 -0.010879 -0.019136 0.000000 0.011482 0.999431 0.031717 10.871300 0.018780 -0.031929 0.999314 -0.951400 0.000000 0.000000 0.000000 1.000000
0.999808 -0.012045 -0.015452 0.000000 0.012511 0.999459 0.030425 10.871300 0.015078 -0.030612 0.999418 -0.951400 0.000000 0.000000 0.000000 1.000000
0.999875 -0.011366 -0.010983 0.000000 0.011703 0.999446 0.031164 10.871300 0.010622 -0.031289 0.999454 -0.951400 0.000000 0.000000 0.000000 1.000000
0.999944 -0.010102 -0.003038 0.000000 0.010195 0.999426 0.032319 10.871300 0.002710 -0.032348 0.999473 -0.951400 0.000000 0.000000 0.000000 1.000000
0.999919 -0.008079 0.009790 0.000000 0.007731 0.999355 0.035058 10.871300 -0.010067 -0.034980 0.999337 -0.951400 0.000000 0.000000 0.000000 1.000000
0.999676 -0.005756 0.024784 0.000000 0.004780 0.999218 0.039252 10.871300 -0.024991 -0.039121 0.998922 -0.951400 0.000000 0.000000 0.000000 1.000000
0.999323 -0.003564 0.036629 -0.000000 0.001909 0.998980 0.045106 10.871300 -0.036752 -0.045005 0.998310 -0.951400 0.000000 0.000000 0.000000 1.000000
0.999056 -0.001578 0.043420 -0.000000 -0.000705 0.998620 0.052520 10.871300 -0.043443 -0.052501 0.997675 -0.951400 0.000000 0.000000 0.000000 1.000000
0.998773 0.001011 0.049518 -0.000000 -0.003931 0.998255 0.058921 10.871300 -0.049372 -0.059044 0.997034 -0.951400 0.000000 0.000000 0.000000 1.000000
0.998438 0.005126 0.055627 -0.000000 -0.008588 0.998029 0.062161 10.871300 -0.055198 -0.062542 0.996515 -0.951400 0.000000 0.000000 0.000000 1.000000
0.998383 0.004734 0.056646 0.000000 -0.008241 0.998052 0.061838 10.871300 -0.056243 -0.062205 0.996477 -0.951400 0.000000 0.000000 0.000000 1.000000
0.998654 0.000723 0.051856 0.000000 -0.003732 0.998312 0.057954 10.871300 -0.051727 -0.058069 0.996972 -0.951400 0.000000 0.000000 0.000000 1.000000
0.999051 0.000045 0.043560 0.000000 -0.002333 0.998620 0.052464 10.871300 -0.043498 -0.052516 0.997672 -0.951400 0.000000 0.000000 0.000000 1.000000
0.999446 0.002622 0.033167 0.000000 -0.004169 0.998902 0.046659 10.871300 -0.033008 -0.046772 0.998360 -0.951400 0.000000 0.000000 0.000000 1.000000
0.999637 0.004550 0.026547 0.000000 -0.005626 0.999160 0.040601 10.871300 -0.026340 -0.040736 0.998823 -0.951400 0.000000 0.000000 0.000000 1.000000
0.999679 0.005505 0.024725 0.000000 -0.006425 0.999283 0.037308 10.871300 -0.024502 -0.037455 0.998998 -0.951400 0.000000 0.000000 0.000000 1.000000
0.999786 0.005225 0.020009 0.000000 -0.005997 0.999232 0.038735 10.871300 -0.019791 -0.038847 0.999049 -0.951400 0.000000 0.000000 0.000000 1.000000
0.999940 0.002217 0.010706 0.000000 -0.002665 0.999115 0.041983 10.871300 -0.010604 -0.042009 0.999061 -0.951400 0.000000 0.000000 0.000000 1.000000
0.999996 -0.001651 0.002344 0.000000 0.001547 0.999040 0.043772 10.871300 -0.002414 -0.043768 0.999039 -0.951400 0.000000 0.000000 0.000000 1.000000
0.999984 -0.005119 -0.002301 0.000000 0.005218 0.998946 0.045613 10.871300 0.002065 -0.045624 0.998957 -0.951400 0.000000 0.000000 0.000000 1.000000
0.999922 -0.010936 -0.006076 -0.000000 0.011228 0.998664 0.050430 10.871300 0.005517 -0.050495 0.998709 -0.951400 0.000000 0.000000 0.000000 1.000000
0.999846 -0.014441 -0.009967 0.000000 0.014971 0.998353 0.055389 10.871300 0.009150 -0.055529 0.998415 -0.951400 0.000000 0.000000 0.000000 1.000000
0.999863 -0.010891 -0.012467 -0.000000 0.011569 0.998383 0.055662 10.871300 0.011840 -0.055799 0.998372 -0.951400 0.000000 0.000000 0.000000 1.000000
0.999892 -0.004995 -0.013857 -0.000000 0.005707 0.998639 0.051836 10.871300 0.013580 -0.051909 0.998559 -0.951400 0.000000 0.000000 0.000000 1.000000
0.999910 -0.001713 -0.013321 -0.000000 0.002330 0.998918 0.046438 10.871300 0.013227 -0.046465 0.998832 -0.951400 0.000000 0.000000 0.000000 1.000000
0.999956 -0.001453 -0.009272 0.000000 0.001825 0.999189 0.040234 10.871300 0.009206 -0.040249 0.999147 -0.951400 0.000000 0.000000 0.000000 1.000000
0.999992 -0.002645 -0.003060 0.000000 0.002750 0.999393 0.034731 10.871300 0.002967 -0.034739 0.999392 -0.951400 0.000000 0.000000 0.000000 1.000000
0.999990 -0.003641 0.002761 -0.000000 0.003552 0.999498 0.031475 10.871300 -0.002874 -0.031465 0.999501 -0.951400 0.000000 0.000000 0.000000 1.000000
0.999960 -0.003818 0.008141 0.000000 0.003566 0.999524 0.030645 10.871300 -0.008254 -0.030615 0.999497 -0.951400 0.000000 0.000000 0.000000 1.000000
0.999879 -0.001966 0.015409 -0.000000 0.001471 0.999486 0.032035 10.871300 -0.015464 -0.032008 0.999368 -0.951400 0.000000 0.000000 0.000000 1.000000
0.999699 -0.000591 0.024535 -0.000000 -0.000268 0.999387 0.035020 10.871300 -0.024541 -0.035016 0.999085 -0.951400 0.000000 0.000000 0.000000 1.000000
0.999566 -0.000401 0.029449 0.000000 -0.000683 0.999323 0.036791 10.871300 -0.029444 -0.036795 0.998889 -0.951400 0.000000 0.000000 0.000000 1.000000</float_array>
        <technique_common>
          <accessor source="#mixamorig_Spine-Matrix-animation-output-transform-array" count="78" stride="16">
            <param type="float4x4"/>
          </accessor>
        </technique_common>
      </source>
      <source id="mixamorig_Spine-Interpolations">
        <Name_array id="mixamorig_Spine-Interpolations-array" count="78">
 LINEAR LINEAR LINEAR LINEAR LINEAR LINEAR LINEAR LINEAR LINEAR LINEAR LINEAR
LINEAR LINEAR LINEAR LINEAR LINEAR LINEAR LINEAR LINEAR LINEAR LINEAR LINEAR LINEAR
LINEAR LINEAR LINEAR LINEAR LINEAR LINEAR LINEAR LINEAR LINEAR LINEAR LINEAR LINEAR
LINEAR LINEAR LINEAR LINEAR LINEAR LINEAR LINEAR LINEAR LINEAR LINEAR LINEAR LINEAR
LINEAR LINEAR LINEAR LINEAR LINEAR LINEAR LINEAR LINEAR LINEAR LINEAR LINEAR LINEAR
LINEAR LINEAR LINEAR LINEAR LINEAR LINEAR LINEAR LINEAR LINEAR LINEAR LINEAR LINEAR
LINEAR LINEAR LINEAR LINEAR LINEAR LINEAR LINEAR</Name_array>
        <technique_common>
          <accessor source="#mixamorig_Spine-Interpolations-array" count="78">
            <param type="name"/>
          </accessor>
        </technique_common>
      </source>
      <sampler id="mixamorig_Spine-Matrix-animation-transform">
        <input semantic="INPUT" source="#mixamorig_Spine-Matrix-animation-input"/>
        <input semantic="OUTPUT" source="#mixamorig_Spine-Matrix-animation-output-transform"/>
        <input semantic="INTERPOLATION" source="#mixamorig_Spine-Interpolations"/>
      </sampler>
      <channel source="#mixamorig_Spine-Matrix-animation-transform" target="mixamorig_Spine/matrix"/>
    </animation>
    <animation id="mixamorig_Spine1-anim" name="mixamorig_Spine1">
      <source id="mixamorig_Spine1-Matrix-animation-input">
        <float_array id="mixamorig_Spine1-Matrix-animation-input-array" count="78">

0.000000 0.033333 0.066667 0.100000 0.133333 0.166667 0.200000 0.233333 0.266667 0.300000 0.333333 0.366667 0.400000 0.433333 0.466667 0.500000
0.533333 0.566667 0.600000 0.633333 0.666667 0.700000 0.733333 0.766667 0.800000 0.833333 0.866667 0.900000 0.933333 0.966667 1.000000 1.033333
1.066667 1.100000 1.133333 1.166667 1.200000 1.233333 1.266667 1.300000 1.333333 1.366667 1.400000 1.433333 1.466667 1.500000 1.533333 1.566667
1.600000 1.633333 1.666667 1.700000 1.733333 1.766667 1.800000 1.833333 1.866667 1.900000 1.933333 1.966667 2.000000 2.033333 2.066667 2.100000
2.133333 2.166667 2.200000 2.233333 2.266667 2.300000 2.333333 2.366667 2.400000 2.433333 2.466667 2.500000 2.533333 2.566667</float_array>
        <technique_common>
          <accessor source="#mixamorig_Spine1-Matrix-animation-input-array" count="78">
            <param name="TIME" type="float"/>
          </accessor>
        </technique_common>
      </source>
      <source id="mixamorig_Spine1-Matrix-animation-output-transform">
        <float_array id="mixamorig_Spine1-Matrix-animation-output-transform-array" count="1248">

0.998345 -0.005731 0.057227 0.000000 0.011465 0.994883 -0.100385 12.731600 -0.056359 0.100875 0.993301 0.000000 0.000000 0.000000 0.000000 1.000000
0.997236 0.005476 0.074100 0.000000 0.001826 0.995173 -0.098120 12.731600 -0.074279 0.097984 0.992412 0.000000 0.000000 0.000000 0.000000 1.000000
0.996057 0.019100 0.086636 0.000000 -0.010767 0.995356 -0.095657 12.731600 -0.088060 0.094347 0.991637 0.000000 0.000000 0.000000 0.000000 1.000000
0.995161 0.030243 0.093484 0.000000 -0.022519 0.996328 -0.082607 12.731600 -0.095639 0.080102 0.992188 0.000000 0.000000 0.000000 0.000000 1.000000
0.994582 0.033585 0.098382 -0.000000 -0.026853 0.997257 -0.068970 12.731600 -0.100429 0.065955 0.992756 0.000000 0.000000 0.000000 0.000000 1.000000
0.994499 0.031244 0.099981 0.000000 -0.024708 0.997517 -0.065956 12.731600 -0.101794 0.063123 0.992801 0.000000 0.000000 0.000000 0.000000 1.000000
0.994974 0.031039 0.095201 -0.000000 -0.024032 0.996977 -0.073893 12.731600 -0.097207 0.071234 0.992712 0.000000 0.000000 0.000000 0.000000 1.000000
0.995635 0.035167 0.086451 -0.000000 -0.027604 0.995810 -0.087178 12.731600 -0.089154 0.084412 0.992434 0.000000 0.000000 0.000000 0.000000 1.000000
0.996022 0.042821 0.078143 -0.000000 -0.034673 0.994098 -0.102800 12.731600 -0.082084 0.099682 0.991628 0.000000 0.000000 0.000000 0.000000 1.000000
0.995798 0.055081 0.073162 0.000000 -0.046181 0.991913 -0.118217 12.731600 -0.079082 0.114342 0.990289 -0.000000 0.000000 0.000000 0.000000 1.000000
0.995328 0.064806 0.071572 0.000000 -0.055411 0.990451 -0.126240 12.731600 -0.079069 0.121684 0.989414 -0.000000 0.000000 0.000000 0.000000 1.000000
0.995765 0.065122 0.064899 0.000000 -0.056649 0.990565 -0.124788 12.731600 -0.072413 0.120583 0.990059 0.000000 0.000000 0.000000 0.000000 1.000000
0.997410 0.052159 0.049516 -0.000000 -0.045827 0.991549 -0.121366 12.731600 -0.055428 0.118782 0.991372 0.000000 0.000000 0.000000 0.000000 1.000000
0.998962 0.033020 0.031379 0.000000 -0.028974 0.992150 -0.121651 12.731600 -0.035149 0.120616 0.992077 -0.000000 0.000000 0.000000 0.000000 1.000000
0.999795 0.012405 0.016022 0.000000 -0.010366 0.992523 -0.121617 12.731600 -0.017410 0.121426 0.992448 0.000000 0.000000 0.000000 0.000000 1.000000
0.999925 -0.011277 0.004682 0.000000 0.011737 0.993430 -0.113841 12.731600 -0.003367 0.113887 0.993488 0.000000 0.000000 0.000000 0.000000 1.000000
0.999643 -0.026697 -0.001423 0.000000 0.026420 0.994610 -0.100262 12.731600 0.004092 0.100188 0.994960 -0.000000 0.000000 0.000000 0.000000 1.000000
0.999678 -0.025216 -0.002660 0.000000 0.024867 0.995491 -0.091543 12.731600 0.004956 0.091448 0.995798 0.000000 0.000000 0.000000 0.000000 1.000000
0.999909 -0.013095 -0.003257 0.000000 0.012725 0.995370 -0.095276 12.731600 0.004490 0.095226 0.995446 0.000000 0.000000 0.000000 0.000000 1.000000
0.999974 -0.004816 -0.005355 0.000000 0.004219 0.994308 -0.106462 12.731600 0.005838 0.106436 0.994302 0.000000 0.000000 0.000000 0.000000 1.000000
0.999966 -0.004159 -0.007080 0.000000 0.003313 0.993282 -0.115672 12.731600 0.007513 0.115644 0.993262 0.000000 0.000000 0.000000 0.000000 1.000000
0.999946 -0.008979 -0.005295 0.000000 0.008281 0.992780 -0.119661 12.731600 0.006331 0.119611 0.992801 0.000000 0.000000 0.000000 0.000000 1.000000
0.999902 -0.013574 -0.003474 0.000000 0.013045 0.992357 -0.122713 12.731600 0.005114 0.122655 0.992436 -0.000000 0.000000 0.000000 0.000000 1.000000
0.999859 -0.016804 -0.000333 -0.000000 0.016628 0.991871 -0.126155 12.731600 0.002450 0.126131 0.992011 0.000000 0.000000 0.000000 0.000000 1.000000
0.999727 -0.019903 0.012219 0.000000 0.021241 0.992366 -0.121482 12.731600 -0.009708 0.121708 0.992518 0.000000 0.000000 0.000000 0.000000 1.000000
0.999232 -0.018813 0.034371 0.000000 0.022450 0.993821 -0.108703 12.731600 -0.032114 0.109391 0.993480 0.000000 0.000000 0.000000 0.000000 1.000000
0.998345 -0.009853 0.056667 0.000000 0.015389 0.995058 -0.098095 12.731600 -0.055420 0.098804 0.993562 0.000000 0.000000 0.000000 0.000000 1.000000
0.997384 0.003312 0.072213 0.000000 0.003278 0.995849 -0.090959 12.731600 -0.072215 0.090958 0.993233 -0.000000 0.000000 0.000000 0.000000 1.000000
0.996545 0.012564 0.082097 -0.000000 -0.005940 0.996742 -0.080438 12.731600 -0.082840 0.079673 0.993373 0.000000 0.000000 0.000000 0.000000 1.000000
0.995851 0.014314 0.089871 0.000000 -0.008338 0.997750 -0.066516 12.731600 -0.090621 0.065491 0.993730 0.000000 0.000000 0.000000 0.000000 1.000000
0.995376 0.011458 0.095369 -0.000000 -0.006113 0.998403 -0.056159 12.731600 -0.095860 0.055316 0.993857 0.000000 0.000000 0.000000 0.000000 1.000000
0.995538 0.006889 0.094111 -0.000000 -0.001688 0.998472 -0.055235 12.731600 -0.094348 0.054830 0.994028 0.000000 0.000000 0.000000 0.000000 1.000000
0.996396 0.004526 0.084707 -0.000000 0.000998 0.997881 -0.065052 12.731600 -0.084822 0.064902 0.994280 0.000000 0.000000 0.000000 0.000000 1.000000
0.997113 0.009937 0.075281 0.000000 -0.003880 0.996773 -0.080183 12.731600 -0.075835 0.079660 0.993933 0.000000 0.000000 0.000000 0.000000 1.000000
0.997336 0.024510 0.068707 -0.000000 -0.017952 0.995363 -0.094498 12.731600 -0.070704 0.093012 0.993151 0.000000 0.000000 0.000000 0.000000 1.000000
0.997328 0.037277 0.062834 -0.000000 -0.030525 0.993983 -0.105193 12.731600 -0.066377 0.102994 0.992465 -0.000000 0.000000 0.000000 0.000000 1.000000
0.997653 0.042437 0.053745 0.000000 -0.036297 0.993216 -0.110478 12.731600 -0.058069 0.108268 0.992424 0.000000 0.000000 0.000000 0.000000 1.000000
0.998563 0.040303 0.035327 -0.000000 -0.036208 0.993301 -0.109735 12.731600 -0.039513 0.108299 0.993333 0.000000 0.000000 0.000000 0.000000 1.000000
0.999514 0.029117 0.011095 -0.000000 -0.027789 0.994046 -0.105354 12.731600 -0.014096 0.104994 0.994373 0.000000 0.000000 0.000000 0.000000 1.000000
0.999902 0.010663 -0.009046 0.000000 -0.011503 0.995066 -0.098543 12.731600 0.007950 0.098638 0.995092 0.000000 0.000000 0.000000 0.000000 1.000000
0.999686 -0.011299 -0.022359 0.000000 0.009307 0.996141 -0.087278 12.731600 0.023259 0.087042 0.995933 0.000000 0.000000 0.000000 0.000000 1.000000
0.999083 -0.029520 -0.031020 0.000000 0.027181 0.996939 -0.073301 12.731600 0.033089 0.072390 0.996827 0.000000 0.000000 0.000000 0.000000 1.000000
0.998763 -0.033822 -0.036439 0.000000 0.031456 0.997476 -0.063654 12.731600 0.038500 0.062429 0.997307 0.000000 0.000000 0.000000 0.000000 1.000000
0.998884 -0.025174 -0.039950 0.000000 0.022585 0.997695 -0.063988 12.731600 0.041469 0.063015 0.997151 0.000000 0.000000 0.000000 0.000000 1.000000
0.999038 -0.015573 -0.041003 0.000000 0.012386 0.996965 -0.076860 12.731600 0.042075 0.076278 0.996198 -0.000000 0.000000 0.000000 0.000000 1.000000
0.999195 -0.014535 -0.037386 0.000000 0.010849 0.995229 -0.096959 12.731600 0.038617 0.096476 0.994586 -0.000000 0.000000 0.000000 0.000000 1.000000
0.999270 -0.021827 -0.031343 0.000000 0.018222 0.993650 -0.111026 12.731600 0.033567 0.110373 0.993323 0.000000 0.000000 0.000000 0.000000 1.000000
0.999194 -0.029258 -0.027475 0.000000 0.025955 0.993176 -0.113703 12.731600 0.030614 0.112898 0.993135 0.000000 0.000000 0.000000 0.000000 1.000000
0.999219 -0.032481 -0.022508 -0.000000 0.029758 0.993234 -0.112254 12.731600 0.026002 0.111497 0.993425 0.000000 0.000000 0.000000 0.000000 1.000000
0.999448 -0.032102 -0.008534 0.000000 0.030972 0.993471 -0.109802 12.731600 0.012003 0.109477 0.993917 0.000000 0.000000 0.000000 0.000000 1.000000
0.999487 -0.027116 0.017036 0.000000 0.028745 0.994161 -0.104010 12.731600 -0.014117 0.104447 0.994430 -0.000000 0.000000 0.000000 0.000000 1.000000
0.998686 -0.017095 0.048319 0.000000 0.021653 0.995201 -0.095424 12.731600 -0.046456 0.096345 0.994263 0.000000 0.000000 0.000000 0.000000 1.000000
0.997299 -0.004982 0.073282 0.000000 0.011147 0.996407 -0.083952 12.731600 -0.072601 0.084542 0.993772 0.000000 0.000000 0.000000 0.000000 1.000000
0.996214 0.004515 0.086812 -0.000000 0.001538 0.997578 -0.069533 12.731600 -0.086916 0.069404 0.993795 0.000000 0.000000 0.000000 0.000000 1.000000
0.995127 0.008555 0.098232 0.000000 -0.002978 0.998382 -0.056778 12.731600 -0.098559 0.056209 0.993542 0.000000 0.000000 0.000000 0.000000 1.000000
0.993923 0.006521 0.109881 -0.000000 -0.001066 0.998767 -0.049635 12.731600 -0.110069 0.049216 0.992705 0.000000 0.000000 0.000000 0.000000 1.000000
0.993850 -0.000582 0.110730 0.000000 0.006122 0.998746 -0.049697 12.731600 -0.110562 0.050069 0.992607 0.000000 0.000000 0.000000 0.000000 1.000000
0.995025 -0.006146 0.099440 0.000000 0.011921 0.998270 -0.057577 12.731600 -0.098914 0.058476 0.993376 0.000000 0.000000 0.000000 0.000000 1.000000
0.996654 -0.002410 0.081705 0.000000 0.008074 0.997580 -0.069060 12.731600 -0.081341 0.069489 0.994261 0.000000 0.000000 0.000000 0.000000 1.000000
0.998078 0.007458 0.061526 0.000000 -0.002447 0.996700 -0.081131 12.731600 -0.061928 0.080824 0.994803 -0.000000 0.000000 0.000000 0.000000 1.000000
0.998607 0.014624 0.050689 0.000000 -0.009838 0.995578 -0.093422 12.731600 -0.051831 0.092793 0.994335 -0.000000 0.000000 0.000000 0.000000 1.000000
